It took me 0 clicks (0.000000 seconds).
It took me 0 clicks (0.000000 seconds).

matrix: a
84.018772,78.309922,91.164736,33.522276,27.777471,47.739705,36.478447,95.222973,63.571173,14.160256,1.630057,13.723158,15.667909,12.979045,99.892452,51.293239,61.263983,63.755227,49.358299,29.251678,52.674498,40.022862,28.331475,80.772452,6.975528,52.599535,19.221385,89.023260,6.417132,45.770174,23.827995,90.220807,26.666575,37.520698,51.253536,53.160643,43.763760,93.080980,28.429340,63.997882,68.786139,44.010453,82.920109,22.896817,35.036018,95.646825,65.730404,43.955992,39.843667,68.421853,48.249066,95.025237,14.766001,64.108060,61.959648,78.600210,44.703358,18.753311,55.644376,16.960709,10.317119,49.544407,98.475167,68.444502,
matrix: b 
39.438293,79.844003,19.755137,76.822959,55.396996,62.887092,51.340091,91.619507,71.729693,60.696888,24.288677,80.417675,40.094439,10.880880,21.825691,83.911223,29.603162,52.428719,97.277502,77.135770,76.991384,89.152945,35.245835,91.902647,94.932708,8.605585,66.322693,34.889294,2.002305,6.309584,97.063413,85.091979,53.976034,76.024874,66.772376,3.928034,93.183506,72.095234,73.853431,35.404868,16.597417,88.007524,33.033713,89.337241,68.666991,58.864013,85.867633,92.396979,81.476690,91.097203,21.582496,92.012825,88.106217,43.195342,28.105941,30.745787,22.610663,27.623467,41.650128,90.680393,12.607534,76.047523,93.500399,38.318833,
matrix: c
22228.699525,28796.397889,22838.544543,37319.089235,25161.249803,28104.837558,28569.067223,35664.451155,15233.671277,18989.042441,8435.743722,21690.721442,16041.427695,14492.986701,14837.394797,15120.815004,18869.502507,23939.844005,18315.262623,28375.164485,20979.969538,22651.249564,24791.142589,27517.101334,18155.700680,14702.288455,15401.867973,23842.355226,11131.232233,14333.530733,24334.014012,23040.437264,17977.443872,23427.828926,19225.819642,27780.871271,20815.452374,21719.240805,27162.014683,28301.724143,20325.983723,30991.215760,20761.081769,34734.966342,28183.092761,26679.751584,26394.891088,33347.234740,25615.080861,25261.791751,21159.512497,34214.145756,21083.627428,21643.193794,30148.896504,33274.966655,17315.761215,23777.007697,15178.036195,29560.500064,21449.074564,21202.092707,20495.416132,22819.838247,
matrix: c1
22228.699525,28796.397889,22838.544543,37319.089235,25161.249803,28104.837558,28569.067223,35664.451155,15233.671277,18989.042441,8435.743722,21690.721442,16041.427695,14492.986701,14837.394797,15120.815004,18869.502507,23939.844005,18315.262623,28375.164485,20979.969538,22651.249564,24791.142589,27517.101334,18155.700680,14702.288455,15401.867973,23842.355226,11131.232233,14333.530733,24334.014012,23040.437264,17977.443872,23427.828926,19225.819642,27780.871271,20815.452374,21719.240805,27162.014683,28301.724143,20325.983723,30991.215760,20761.081769,34734.966342,28183.092761,26679.751584,26394.891088,33347.234740,25615.080861,25261.791751,21159.512497,34214.145756,21083.627428,21643.193794,30148.896504,33274.966655,17315.761215,23777.007697,15178.036195,29560.500064,21449.074564,21202.092707,20495.416132,22819.838247,It took me 0 clicks (0.000000 seconds).
It took me 0 clicks (0.000000 seconds).
dgemm0 went through 0 clicks (0.000000 seconds) to complete running and the matrix had a  maximum difference  of 28883.345513 
dgemm1 went through 0 clicks (0.000000 seconds) to complete running and the matrix had a  maximum difference  of 28883.345513 
dgemm2 went through 0 clicks (0.000000 seconds) to complete running and the matrix had a  maximum difference  of 57766.691027 
dgemm3 went through 0 clicks (0.000000 seconds) to complete running and the matrix had a  maximum difference  of 0.000000 
